#Cycl abs B G R W
  0  0.00  0.00  0.00  0.00  0.00
  1  0.00  0.00  0.00  0.00  0.00
  2  0.00  0.00  0.00  0.00  0.00
  3  0.02  0.01  0.01  0.01  0.00
  4  0.04  0.01  0.01  0.01  0.00
  5  0.06  0.02  0.02  0.02  0.00
  6  0.08  0.03  0.03  0.03  0.00
  7  0.10  0.03  0.03  0.03  0.00
  8  0.12  0.04  0.04  0.04  0.00
  9  0.14  0.05  0.05  0.05  0.00
 10  0.16  0.05  0.05  0.05  0.00
 11  0.19  0.06  0.06  0.06  0.00
 12  0.21  0.07  0.07  0.07  0.00
 13  0.23  0.08  0.08  0.08  0.00
 14  0.00  0.00  0.00  0.00  0.00
 15  0.00  0.00  0.00  0.00  0.00
 16  0.02  0.01  0.01  0.01  0.00
 17  0.04  0.01  0.01  0.01  0.00
 18  0.06  0.02  0.02  0.02  0.00
 19  0.08  0.03  0.03  0.03  0.00
